 DIHEDRAL 60 63 65 67 $FC 0.0
 DIHEDRAL 36 25 28 30 $FC 120.0
 DIHEDRAL 194 197 199 201 $FC 0.0
 DIHEDRAL 170 159 162 164 $FC 120.0
 DIHEDRAL 328 331 333 335 $FC 0.0
 DIHEDRAL 304 293 296 298 $FC 120.0
 DIHEDRAL 462 465 467 469 $FC 0.0
 DIHEDRAL 438 427 430 432 $FC 120.0
 DIHEDRAL 596 599 601 603 $FC 0.0
 DIHEDRAL 572 561 564 566 $FC 120.0
 DIHEDRAL 730 733 735 737 $FC 0.0
 DIHEDRAL 706 695 698 700 $FC 120.0
 DIHEDRAL 864 867 869 871 $FC 0.0
 DIHEDRAL 840 829 832 834 $FC 120.0
 DIHEDRAL 998 1001 1003 1005 $FC 0.0
 DIHEDRAL 974 963 966 968 $FC 120.0
 DIHEDRAL 1132 1135 1137 1139 $FC 0.0
 DIHEDRAL 1108 1097 1100 1102 $FC 120.0
 DIHEDRAL 1266 1269 1271 1273 $FC 0.0
 DIHEDRAL 1242 1231 1234 1236 $FC 120.0
 DIHEDRAL 1400 1403 1405 1407 $FC 0.0
 DIHEDRAL 1376 1365 1368 1370 $FC 120.0
 DIHEDRAL 1534 1537 1539 1541 $FC 0.0
 DIHEDRAL 1510 1499 1502 1504 $FC 120.0
 DIHEDRAL 1668 1671 1673 1675 $FC 0.0
 DIHEDRAL 1644 1633 1636 1638 $FC 120.0
 DIHEDRAL 1802 1805 1807 1809 $FC 0.0
 DIHEDRAL 1778 1767 1770 1772 $FC 120.0
 DIHEDRAL 1936 1939 1941 1943 $FC 0.0
 DIHEDRAL 1912 1901 1904 1906 $FC 120.0
 DIHEDRAL 2070 2073 2075 2077 $FC 0.0
 DIHEDRAL 2046 2035 2038 2040 $FC 120.0
 DIHEDRAL 2204 2207 2209 2211 $FC 0.0
 DIHEDRAL 2180 2169 2172 2174 $FC 120.0
 DIHEDRAL 2338 2341 2343 2345 $FC 0.0
 DIHEDRAL 2314 2303 2306 2308 $FC 120.0
 DIHEDRAL 2472 2475 2477 2479 $FC 0.0
 DIHEDRAL 2448 2437 2440 2442 $FC 120.0
 DIHEDRAL 2606 2609 2611 2613 $FC 0.0
 DIHEDRAL 2582 2571 2574 2576 $FC 120.0
 DIHEDRAL 2740 2743 2745 2747 $FC 0.0
 DIHEDRAL 2716 2705 2708 2710 $FC 120.0
 DIHEDRAL 2874 2877 2879 2881 $FC 0.0
 DIHEDRAL 2850 2839 2842 2844 $FC 120.0
 DIHEDRAL 3008 3011 3013 3015 $FC 0.0
 DIHEDRAL 2984 2973 2976 2978 $FC 120.0
 DIHEDRAL 3142 3145 3147 3149 $FC 0.0
 DIHEDRAL 3118 3107 3110 3112 $FC 120.0
 DIHEDRAL 3276 3279 3281 3283 $FC 0.0
 DIHEDRAL 3252 3241 3244 3246 $FC 120.0
 DIHEDRAL 3410 3413 3415 3417 $FC 0.0
 DIHEDRAL 3386 3375 3378 3380 $FC 120.0
 DIHEDRAL 3544 3547 3549 3551 $FC 0.0
 DIHEDRAL 3520 3509 3512 3514 $FC 120.0
 DIHEDRAL 3678 3681 3683 3685 $FC 0.0
 DIHEDRAL 3654 3643 3646 3648 $FC 120.0
 DIHEDRAL 3812 3815 3817 3819 $FC 0.0
 DIHEDRAL 3788 3777 3780 3782 $FC 120.0
 DIHEDRAL 3946 3949 3951 3953 $FC 0.0
 DIHEDRAL 3922 3911 3914 3916 $FC 120.0
 DIHEDRAL 4080 4083 4085 4087 $FC 0.0
 DIHEDRAL 4056 4045 4048 4050 $FC 120.0
 DIHEDRAL 4214 4217 4219 4221 $FC 0.0
 DIHEDRAL 4190 4179 4182 4184 $FC 120.0
 DIHEDRAL 4348 4351 4353 4355 $FC 0.0
 DIHEDRAL 4324 4313 4316 4318 $FC 120.0
 DIHEDRAL 4482 4485 4487 4489 $FC 0.0
 DIHEDRAL 4458 4447 4450 4452 $FC 120.0
 DIHEDRAL 4616 4619 4621 4623 $FC 0.0
 DIHEDRAL 4592 4581 4584 4586 $FC 120.0
 DIHEDRAL 4750 4753 4755 4757 $FC 0.0
 DIHEDRAL 4726 4715 4718 4720 $FC 120.0
 DIHEDRAL 4884 4887 4889 4891 $FC 0.0
 DIHEDRAL 4860 4849 4852 4854 $FC 120.0
 DIHEDRAL 5018 5021 5023 5025 $FC 0.0
 DIHEDRAL 4994 4983 4986 4988 $FC 120.0
 DIHEDRAL 5152 5155 5157 5159 $FC 0.0
 DIHEDRAL 5128 5117 5120 5122 $FC 120.0
 DIHEDRAL 5286 5289 5291 5293 $FC 0.0
 DIHEDRAL 5262 5251 5254 5256 $FC 120.0
 DIHEDRAL 5420 5423 5425 5427 $FC 0.0
 DIHEDRAL 5396 5385 5388 5390 $FC 120.0
 DIHEDRAL 5554 5557 5559 5561 $FC 0.0
 DIHEDRAL 5530 5519 5522 5524 $FC 120.0
 DIHEDRAL 5688 5691 5693 5695 $FC 0.0
 DIHEDRAL 5664 5653 5656 5658 $FC 120.0
 DIHEDRAL 5822 5825 5827 5829 $FC 0.0
 DIHEDRAL 5798 5787 5790 5792 $FC 120.0
 DIHEDRAL 5956 5959 5961 5963 $FC 0.0
 DIHEDRAL 5932 5921 5924 5926 $FC 120.0
 DIHEDRAL 6090 6093 6095 6097 $FC 0.0
 DIHEDRAL 6066 6055 6058 6060 $FC 120.0
 DIHEDRAL 6224 6227 6229 6231 $FC 0.0
 DIHEDRAL 6200 6189 6192 6194 $FC 120.0
 DIHEDRAL 6358 6361 6363 6365 $FC 0.0
 DIHEDRAL 6334 6323 6326 6328 $FC 120.0
 DIHEDRAL 6492 6495 6497 6499 $FC 0.0
 DIHEDRAL 6468 6457 6460 6462 $FC 120.0
 DIHEDRAL 6626 6629 6631 6633 $FC 0.0
 DIHEDRAL 6602 6591 6594 6596 $FC 120.0
 DIHEDRAL 6760 6763 6765 6767 $FC 0.0
 DIHEDRAL 6736 6725 6728 6730 $FC 120.0
 DIHEDRAL 6894 6897 6899 6901 $FC 0.0
 DIHEDRAL 6870 6859 6862 6864 $FC 120.0
 DIHEDRAL 7028 7031 7033 7035 $FC 0.0
 DIHEDRAL 7004 6993 6996 6998 $FC 120.0
 DIHEDRAL 7162 7165 7167 7169 $FC 0.0
 DIHEDRAL 7138 7127 7130 7132 $FC 120.0
 DIHEDRAL 7296 7299 7301 7303 $FC 0.0
 DIHEDRAL 7272 7261 7264 7266 $FC 120.0
 DIHEDRAL 7430 7433 7435 7437 $FC 0.0
 DIHEDRAL 7406 7395 7398 7400 $FC 120.0
 DIHEDRAL 7564 7567 7569 7571 $FC 0.0
 DIHEDRAL 7540 7529 7532 7534 $FC 120.0
 DIHEDRAL 7698 7701 7703 7705 $FC 0.0
 DIHEDRAL 7674 7663 7666 7668 $FC 120.0
 DIHEDRAL 7832 7835 7837 7839 $FC 0.0
 DIHEDRAL 7808 7797 7800 7802 $FC 120.0
 DIHEDRAL 7966 7969 7971 7973 $FC 0.0
 DIHEDRAL 7942 7931 7934 7936 $FC 120.0
 DIHEDRAL 8100 8103 8105 8107 $FC 0.0
 DIHEDRAL 8076 8065 8068 8070 $FC 120.0
 DIHEDRAL 8234 8237 8239 8241 $FC 0.0
 DIHEDRAL 8210 8199 8202 8204 $FC 120.0
 DIHEDRAL 8368 8371 8373 8375 $FC 0.0
 DIHEDRAL 8344 8333 8336 8338 $FC 120.0
 DIHEDRAL 8502 8505 8507 8509 $FC 0.0
 DIHEDRAL 8478 8467 8470 8472 $FC 120.0
 DIHEDRAL 8636 8639 8641 8643 $FC 0.0
 DIHEDRAL 8612 8601 8604 8606 $FC 120.0
 DIHEDRAL 8770 8773 8775 8777 $FC 0.0
 DIHEDRAL 8746 8735 8738 8740 $FC 120.0
 DIHEDRAL 8904 8907 8909 8911 $FC 0.0
 DIHEDRAL 8880 8869 8872 8874 $FC 120.0
 DIHEDRAL 9038 9041 9043 9045 $FC 0.0
 DIHEDRAL 9014 9003 9006 9008 $FC 120.0
 DIHEDRAL 9172 9175 9177 9179 $FC 0.0
 DIHEDRAL 9148 9137 9140 9142 $FC 120.0
 DIHEDRAL 9306 9309 9311 9313 $FC 0.0
 DIHEDRAL 9282 9271 9274 9276 $FC 120.0
 DIHEDRAL 9440 9443 9445 9447 $FC 0.0
 DIHEDRAL 9416 9405 9408 9410 $FC 120.0
 DIHEDRAL 9574 9577 9579 9581 $FC 0.0
 DIHEDRAL 9550 9539 9542 9544 $FC 120.0
 DIHEDRAL 9708 9711 9713 9715 $FC 0.0
 DIHEDRAL 9684 9673 9676 9678 $FC 120.0
 DIHEDRAL 9842 9845 9847 9849 $FC 0.0
 DIHEDRAL 9818 9807 9810 9812 $FC 120.0
 DIHEDRAL 9976 9979 9981 9983 $FC 0.0
 DIHEDRAL 9952 9941 9944 9946 $FC 120.0
 DIHEDRAL 10110 10113 10115 10117 $FC 0.0
 DIHEDRAL 10086 10075 10078 10080 $FC 120.0
 DIHEDRAL 10244 10247 10249 10251 $FC 0.0
 DIHEDRAL 10220 10209 10212 10214 $FC 120.0
 DIHEDRAL 10378 10381 10383 10385 $FC 0.0
 DIHEDRAL 10354 10343 10346 10348 $FC 120.0
 DIHEDRAL 10512 10515 10517 10519 $FC 0.0
 DIHEDRAL 10488 10477 10480 10482 $FC 120.0
 DIHEDRAL 10646 10649 10651 10653 $FC 0.0
 DIHEDRAL 10622 10611 10614 10616 $FC 120.0
