DIHEDRAL 4717 4728 4720 4722 $FC -120.0
DIHEDRAL 4752 4755 4757 4759 $FC  0.0
DIHEDRAL 4851 4862 4854 4856 $FC -120.0
DIHEDRAL 4886 4889 4891 4893 $FC  0.0
DIHEDRAL 4985 4996 4988 4990 $FC -120.0
DIHEDRAL 5020 5023 5025 5027 $FC  0.0
DIHEDRAL 5119 5130 5122 5124 $FC -120.0
DIHEDRAL 5154 5157 5159 5161 $FC  0.0
DIHEDRAL 5253 5264 5256 5258 $FC -120.0
DIHEDRAL 5288 5291 5293 5295 $FC  0.0
DIHEDRAL 5387 5398 5390 5392 $FC -120.0
DIHEDRAL 5422 5425 5427 5429 $FC  0.0
DIHEDRAL 5521 5532 5524 5526 $FC -120.0
DIHEDRAL 5556 5559 5561 5563 $FC  0.0
DIHEDRAL 5655 5666 5658 5660 $FC -120.0
DIHEDRAL 5690 5693 5695 5697 $FC  0.0
DIHEDRAL 5789 5800 5792 5794 $FC -120.0
DIHEDRAL 5824 5827 5829 5831 $FC  0.0
DIHEDRAL 5923 5934 5926 5928 $FC -120.0
DIHEDRAL 5958 5961 5963 5965 $FC  0.0
DIHEDRAL 6057 6068 6060 6062 $FC -120.0
DIHEDRAL 6092 6095 6097 6099 $FC  0.0
DIHEDRAL 6191 6202 6194 6196 $FC -120.0
DIHEDRAL 6226 6229 6231 6233 $FC  0.0
DIHEDRAL 6325 6336 6328 6330 $FC -120.0
DIHEDRAL 6360 6363 6365 6367 $FC  0.0
DIHEDRAL 6459 6470 6462 6464 $FC -120.0
DIHEDRAL 6494 6497 6499 6501 $FC  0.0
DIHEDRAL 6593 6604 6596 6598 $FC -120.0
DIHEDRAL 6628 6631 6633 6635 $FC  0.0
DIHEDRAL 6727 6738 6730 6732 $FC -120.0
DIHEDRAL 6762 6765 6767 6769 $FC  0.0
DIHEDRAL 6861 6872 6864 6866 $FC -120.0
DIHEDRAL 6896 6899 6901 6903 $FC  0.0
DIHEDRAL 6995 7006 6998 7000 $FC -120.0
DIHEDRAL 7030 7033 7035 7037 $FC  0.0
DIHEDRAL 7129 7140 7132 7134 $FC -120.0
DIHEDRAL 7164 7167 7169 7171 $FC  0.0
DIHEDRAL 7263 7274 7266 7268 $FC -120.0
DIHEDRAL 7298 7301 7303 7305 $FC  0.0
DIHEDRAL 7397 7408 7400 7402 $FC -120.0
DIHEDRAL 7432 7435 7437 7439 $FC  0.0
DIHEDRAL 7531 7542 7534 7536 $FC -120.0
DIHEDRAL 7566 7569 7571 7573 $FC  0.0
DIHEDRAL 7665 7676 7668 7670 $FC -120.0
DIHEDRAL 7700 7703 7705 7707 $FC  0.0
DIHEDRAL 7799 7810 7802 7804 $FC -120.0
DIHEDRAL 7834 7837 7839 7841 $FC  0.0
DIHEDRAL 7933 7944 7936 7938 $FC -120.0
DIHEDRAL 7968 7971 7973 7975 $FC  0.0
DIHEDRAL 8067 8078 8070 8072 $FC -120.0
DIHEDRAL 8102 8105 8107 8109 $FC  0.0
DIHEDRAL 8201 8212 8204 8206 $FC -120.0
DIHEDRAL 8236 8239 8241 8243 $FC  0.0
DIHEDRAL 8335 8346 8338 8340 $FC -120.0
DIHEDRAL 8370 8373 8375 8377 $FC  0.0
DIHEDRAL 8469 8480 8472 8474 $FC -120.0
DIHEDRAL 8504 8507 8509 8511 $FC  0.0
DIHEDRAL 8603 8614 8606 8608 $FC -120.0
DIHEDRAL 8638 8641 8643 8645 $FC  0.0
DIHEDRAL 8737 8748 8740 8742 $FC -120.0
DIHEDRAL 8772 8775 8777 8779 $FC  0.0
DIHEDRAL 8871 8882 8874 8876 $FC -120.0
DIHEDRAL 8906 8909 8911 8913 $FC  0.0
DIHEDRAL 9005 9016 9008 9010 $FC -120.0
DIHEDRAL 9040 9043 9045 9047 $FC  0.0
DIHEDRAL 9139 9150 9142 9144 $FC -120.0
DIHEDRAL 9174 9177 9179 9181 $FC  0.0
DIHEDRAL 9273 9284 9276 9278 $FC -120.0
DIHEDRAL 9308 9311 9313 9315 $FC  0.0
DIHEDRAL 9407 9418 9410 9412 $FC -120.0
DIHEDRAL 9442 9445 9447 9449 $FC  0.0
DIHEDRAL 9541 9552 9544 9546 $FC -120.0
DIHEDRAL 9576 9579 9581 9583 $FC  0.0
DIHEDRAL 9675 9686 9678 9680 $FC -120.0
DIHEDRAL 9710 9713 9715 9717 $FC  0.0
DIHEDRAL 9809 9820 9812 9814 $FC -120.0
DIHEDRAL 9844 9847 9849 9851 $FC  0.0
DIHEDRAL 9943 9954 9946 9948 $FC -120.0
DIHEDRAL 9978 9981 9983 9985 $FC  0.0
DIHEDRAL 10077 10088 10080 10082 $FC -120.0
DIHEDRAL 10112 10115 10117 10119 $FC  0.0
DIHEDRAL 10211 10222 10214 10216 $FC -120.0
DIHEDRAL 10246 10249 10251 10253 $FC  0.0
DIHEDRAL 10345 10356 10348 10350 $FC -120.0
DIHEDRAL 10380 10383 10385 10387 $FC  0.0
DIHEDRAL 10479 10490 10482 10484 $FC -120.0
DIHEDRAL 10514 10517 10519 10521 $FC  0.0
DIHEDRAL 10613 10624 10616 10618 $FC -120.0
DIHEDRAL 10648 10651 10653 10655 $FC  0.0
DIHEDRAL 10747 10758 10750 10752 $FC -120.0
DIHEDRAL 10782 10785 10787 10789 $FC  0.0
DIHEDRAL 10881 10892 10884 10886 $FC -120.0
DIHEDRAL 10916 10919 10921 10923 $FC  0.0
DIHEDRAL 11015 11026 11018 11020 $FC -120.0
DIHEDRAL 11050 11053 11055 11057 $FC  0.0
DIHEDRAL 11149 11160 11152 11154 $FC -120.0
DIHEDRAL 11184 11187 11189 11191 $FC  0.0
DIHEDRAL 11283 11294 11286 11288 $FC -120.0
DIHEDRAL 11318 11321 11323 11325 $FC  0.0
DIHEDRAL 11417 11428 11420 11422 $FC -120.0
DIHEDRAL 11452 11455 11457 11459 $FC  0.0
DIHEDRAL 11551 11562 11554 11556 $FC -120.0
DIHEDRAL 11586 11589 11591 11593 $FC  0.0
DIHEDRAL 11685 11696 11688 11690 $FC -120.0
DIHEDRAL 11720 11723 11725 11727 $FC  0.0
DIHEDRAL 11819 11830 11822 11824 $FC -120.0
DIHEDRAL 11854 11857 11859 11861 $FC  0.0
DIHEDRAL 11953 11964 11956 11958 $FC -120.0
DIHEDRAL 11988 11991 11993 11995 $FC  0.0
DIHEDRAL 12087 12098 12090 12092 $FC -120.0
DIHEDRAL 12122 12125 12127 12129 $FC  0.0
DIHEDRAL 12221 12232 12224 12226 $FC -120.0
DIHEDRAL 12256 12259 12261 12263 $FC  0.0
DIHEDRAL 12355 12366 12358 12360 $FC -120.0
DIHEDRAL 12390 12393 12395 12397 $FC  0.0
DIHEDRAL 12489 12500 12492 12494 $FC -120.0
DIHEDRAL 12524 12527 12529 12531 $FC  0.0
DIHEDRAL 12623 12634 12626 12628 $FC -120.0
DIHEDRAL 12658 12661 12663 12665 $FC  0.0
DIHEDRAL 12757 12768 12760 12762 $FC -120.0
DIHEDRAL 12792 12795 12797 12799 $FC  0.0
DIHEDRAL 12891 12902 12894 12896 $FC -120.0
DIHEDRAL 12926 12929 12931 12933 $FC  0.0
DIHEDRAL 13025 13036 13028 13030 $FC -120.0
DIHEDRAL 13060 13063 13065 13067 $FC  0.0
DIHEDRAL 13159 13170 13162 13164 $FC -120.0
DIHEDRAL 13194 13197 13199 13201 $FC  0.0
DIHEDRAL 13293 13304 13296 13298 $FC -120.0
DIHEDRAL 13328 13331 13333 13335 $FC  0.0
DIHEDRAL 13427 13438 13430 13432 $FC -120.0
DIHEDRAL 13462 13465 13467 13469 $FC  0.0
DIHEDRAL 13561 13572 13564 13566 $FC -120.0
DIHEDRAL 13596 13599 13601 13603 $FC  0.0
DIHEDRAL 13695 13706 13698 13700 $FC -120.0
DIHEDRAL 13730 13733 13735 13737 $FC  0.0
DIHEDRAL 13829 13840 13832 13834 $FC -120.0
DIHEDRAL 13864 13867 13869 13871 $FC  0.0
DIHEDRAL 13963 13974 13966 13968 $FC -120.0
DIHEDRAL 13998 14001 14003 14005 $FC  0.0
DIHEDRAL 14097 14108 14100 14102 $FC -120.0
DIHEDRAL 14132 14135 14137 14139 $FC  0.0
DIHEDRAL 14231 14242 14234 14236 $FC -120.0
DIHEDRAL 14266 14269 14271 14273 $FC  0.0
DIHEDRAL 14365 14376 14368 14370 $FC -120.0
DIHEDRAL 14400 14403 14405 14407 $FC  0.0
DIHEDRAL 14499 14510 14502 14504 $FC -120.0
DIHEDRAL 14534 14537 14539 14541 $FC  0.0
DIHEDRAL 14633 14644 14636 14638 $FC -120.0
DIHEDRAL 14668 14671 14673 14675 $FC  0.0
DIHEDRAL 14767 14778 14770 14772 $FC -120.0
DIHEDRAL 14802 14805 14807 14809 $FC  0.0
DIHEDRAL 14901 14912 14904 14906 $FC -120.0
DIHEDRAL 14936 14939 14941 14943 $FC  0.0
DIHEDRAL 15035 15046 15038 15040 $FC -120.0
DIHEDRAL 15070 15073 15075 15077 $FC  0.0
DIHEDRAL 15169 15180 15172 15174 $FC -120.0
DIHEDRAL 15204 15207 15209 15211 $FC  0.0
DIHEDRAL 15303 15314 15306 15308 $FC -120.0
DIHEDRAL 15338 15341 15343 15345 $FC  0.0
DIHEDRAL 15437 15448 15440 15442 $FC -120.0
DIHEDRAL 15472 15475 15477 15479 $FC  0.0
DIHEDRAL 15571 15582 15574 15576 $FC -120.0
DIHEDRAL 15606 15609 15611 15613 $FC  0.0
DIHEDRAL 15705 15716 15708 15710 $FC -120.0
DIHEDRAL 15740 15743 15745 15747 $FC  0.0
DIHEDRAL 15839 15850 15842 15844 $FC -120.0
DIHEDRAL 15874 15877 15879 15881 $FC  0.0
DIHEDRAL 15973 15984 15976 15978 $FC -120.0
DIHEDRAL 16008 16011 16013 16015 $FC  0.0
DIHEDRAL 16107 16118 16110 16112 $FC -120.0
DIHEDRAL 16142 16145 16147 16149 $FC  0.0
DIHEDRAL 16241 16252 16244 16246 $FC -120.0
DIHEDRAL 16276 16279 16281 16283 $FC  0.0
DIHEDRAL 16375 16386 16378 16380 $FC -120.0
DIHEDRAL 16410 16413 16415 16417 $FC  0.0
DIHEDRAL 16509 16520 16512 16514 $FC -120.0
DIHEDRAL 16544 16547 16549 16551 $FC  0.0
DIHEDRAL 16643 16654 16646 16648 $FC -120.0
DIHEDRAL 16678 16681 16683 16685 $FC  0.0
DIHEDRAL 16777 16788 16780 16782 $FC -120.0
DIHEDRAL 16812 16815 16817 16819 $FC  0.0
DIHEDRAL 16911 16922 16914 16916 $FC -120.0
DIHEDRAL 16946 16949 16951 16953 $FC  0.0
DIHEDRAL 17045 17056 17048 17050 $FC -120.0
DIHEDRAL 17080 17083 17085 17087 $FC  0.0
DIHEDRAL 17179 17190 17182 17184 $FC -120.0
DIHEDRAL 17214 17217 17219 17221 $FC  0.0
DIHEDRAL 17313 17324 17316 17318 $FC -120.0
DIHEDRAL 17348 17351 17353 17355 $FC  0.0
DIHEDRAL 17447 17458 17450 17452 $FC -120.0
DIHEDRAL 17482 17485 17487 17489 $FC  0.0
DIHEDRAL 17581 17592 17584 17586 $FC -120.0
DIHEDRAL 17616 17619 17621 17623 $FC  0.0
DIHEDRAL 17715 17726 17718 17720 $FC -120.0
DIHEDRAL 17750 17753 17755 17757 $FC  0.0
DIHEDRAL 17849 17860 17852 17854 $FC -120.0
DIHEDRAL 17884 17887 17889 17891 $FC  0.0
DIHEDRAL 17983 17994 17986 17988 $FC -120.0
DIHEDRAL 18018 18021 18023 18025 $FC  0.0
DIHEDRAL 18117 18128 18120 18122 $FC -120.0
DIHEDRAL 18152 18155 18157 18159 $FC  0.0
DIHEDRAL 18251 18262 18254 18256 $FC -120.0
DIHEDRAL 18286 18289 18291 18293 $FC  0.0
DIHEDRAL 18385 18396 18388 18390 $FC -120.0
DIHEDRAL 18420 18423 18425 18427 $FC  0.0
DIHEDRAL 18519 18530 18522 18524 $FC -120.0
DIHEDRAL 18554 18557 18559 18561 $FC  0.0
DIHEDRAL 18653 18664 18656 18658 $FC -120.0
DIHEDRAL 18688 18691 18693 18695 $FC  0.0
DIHEDRAL 18787 18798 18790 18792 $FC -120.0
DIHEDRAL 18822 18825 18827 18829 $FC  0.0
DIHEDRAL 18921 18932 18924 18926 $FC -120.0
DIHEDRAL 18956 18959 18961 18963 $FC  0.0
DIHEDRAL 19055 19066 19058 19060 $FC -120.0
DIHEDRAL 19090 19093 19095 19097 $FC  0.0
DIHEDRAL 19189 19200 19192 19194 $FC -120.0
DIHEDRAL 19224 19227 19229 19231 $FC  0.0
DIHEDRAL 19323 19334 19326 19328 $FC -120.0
DIHEDRAL 19358 19361 19363 19365 $FC  0.0
DIHEDRAL 19457 19468 19460 19462 $FC -120.0
DIHEDRAL 19492 19495 19497 19499 $FC  0.0
